Target_Y | Src_Y_Float | Pre_Idx | Pre_Weight | Post_Idx | Post_Weight
----------------------------------------------------------------------
       1 |      1.6250 |       1 |         96 |        2 |         160
       2 |      3.8750 |       3 |         32 |        4 |         224
       3 |      6.1250 |       6 |        224 |        7 |          32
       4 |      8.3750 |       8 |        160 |        9 |          96
       5 |     10.6250 |      10 |         96 |       11 |         160
       6 |     12.8750 |      12 |         32 |       13 |         224
       7 |     15.1250 |      15 |        224 |       16 |          32
       8 |     17.3750 |      17 |        160 |       18 |          96
       9 |     19.6250 |      19 |         96 |       20 |         160
      10 |     21.8750 |      21 |         32 |       22 |         224
      11 |     24.1250 |      24 |        224 |       25 |          32
      12 |     26.3750 |      26 |        160 |       27 |          96
      13 |     28.6250 |      28 |         96 |       29 |         160
      14 |     30.8750 |      30 |         32 |       31 |         224
      15 |     33.1250 |      33 |        224 |       34 |          32
      16 |     35.3750 |      35 |        160 |       36 |          96
      17 |     37.6250 |      37 |         96 |       38 |         160
      18 |     39.8750 |      39 |         32 |       40 |         224
      19 |     42.1250 |      42 |        224 |       43 |          32
      20 |     44.3750 |      44 |        160 |       45 |          96
      21 |     46.6250 |      46 |         96 |       47 |         160
      22 |     48.8750 |      48 |         32 |       49 |         224
      23 |     51.1250 |      51 |        224 |       52 |          32
      24 |     53.3750 |      53 |        160 |       54 |          96
      25 |     55.6250 |      55 |         96 |       56 |         160
      26 |     57.8750 |      57 |         32 |       58 |         224
      27 |     60.1250 |      60 |        224 |       61 |          32
      28 |     62.3750 |      62 |        160 |       63 |          96
      29 |     64.6250 |      64 |         96 |       65 |         160
      30 |     66.8750 |      66 |         32 |       67 |         224
      31 |     69.1250 |      69 |        224 |       70 |          32
      32 |     71.3750 |      71 |        160 |       72 |          96
      33 |     73.6250 |      73 |         96 |       74 |         160
      34 |     75.8750 |      75 |         32 |       76 |         224
      35 |     78.1250 |      78 |        224 |       79 |          32
      36 |     80.3750 |      80 |        160 |       81 |          96
      37 |     82.6250 |      82 |         96 |       83 |         160
      38 |     84.8750 |      84 |         32 |       85 |         224
      39 |     87.1250 |      87 |        224 |       88 |          32
      40 |     89.3750 |      89 |        160 |       90 |          96
      41 |     91.6250 |      91 |         96 |       92 |         160
      42 |     93.8750 |      93 |         32 |       94 |         224
      43 |     96.1250 |      96 |        224 |       97 |          32
      44 |     98.3750 |      98 |        160 |       99 |          96
      45 |    100.6250 |     100 |         96 |      101 |         160
      46 |    102.8750 |     102 |         32 |      103 |         224
      47 |    105.1250 |     105 |        224 |      106 |          32
      48 |    107.3750 |     107 |        160 |      108 |          96
      49 |    109.6250 |     109 |         96 |      110 |         160
      50 |    111.8750 |     111 |         32 |      112 |         224
      51 |    114.1250 |     114 |        224 |      115 |          32
      52 |    116.3750 |     116 |        160 |      117 |          96
      53 |    118.6250 |     118 |         96 |      119 |         160
      54 |    120.8750 |     120 |         32 |      121 |         224
      55 |    123.1250 |     123 |        224 |      124 |          32
      56 |    125.3750 |     125 |        160 |      126 |          96
      57 |    127.6250 |     127 |         96 |      128 |         160
      58 |    129.8750 |     129 |         32 |      130 |         224
      59 |    132.1250 |     132 |        224 |      133 |          32
      60 |    134.3750 |     134 |        160 |      135 |          96
      61 |    136.6250 |     136 |         96 |      137 |         160
      62 |    138.8750 |     138 |         32 |      139 |         224
      63 |    141.1250 |     141 |        224 |      142 |          32
      64 |    143.3750 |     143 |        160 |      144 |          96
      65 |    145.6250 |     145 |         96 |      146 |         160
      66 |    147.8750 |     147 |         32 |      148 |         224
      67 |    150.1250 |     150 |        224 |      151 |          32
      68 |    152.3750 |     152 |        160 |      153 |          96
      69 |    154.6250 |     154 |         96 |      155 |         160
      70 |    156.8750 |     156 |         32 |      157 |         224
      71 |    159.1250 |     159 |        224 |      160 |          32
      72 |    161.3750 |     161 |        160 |      162 |          96
      73 |    163.6250 |     163 |         96 |      164 |         160
      74 |    165.8750 |     165 |         32 |      166 |         224
      75 |    168.1250 |     168 |        224 |      169 |          32
      76 |    170.3750 |     170 |        160 |      171 |          96
      77 |    172.6250 |     172 |         96 |      173 |         160
      78 |    174.8750 |     174 |         32 |      175 |         224
      79 |    177.1250 |     177 |        224 |      178 |          32
      80 |    179.3750 |     179 |        160 |      180 |          96
      81 |    181.6250 |     181 |         96 |      182 |         160
      82 |    183.8750 |     183 |         32 |      184 |         224
      83 |    186.1250 |     186 |        224 |      187 |          32
      84 |    188.3750 |     188 |        160 |      189 |          96
      85 |    190.6250 |     190 |         96 |      191 |         160
      86 |    192.8750 |     192 |         32 |      193 |         224
      87 |    195.1250 |     195 |        224 |      196 |          32
      88 |    197.3750 |     197 |        160 |      198 |          96
      89 |    199.6250 |     199 |         96 |      200 |         160
      90 |    201.8750 |     201 |         32 |      202 |         224
      91 |    204.1250 |     204 |        224 |      205 |          32
      92 |    206.3750 |     206 |        160 |      207 |          96
      93 |    208.6250 |     208 |         96 |      209 |         160
      94 |    210.8750 |     210 |         32 |      211 |         224
      95 |    213.1250 |     213 |        224 |      214 |          32
      96 |    215.3750 |     215 |        160 |      216 |          96
      97 |    217.6250 |     217 |         96 |      218 |         160
      98 |    219.8750 |     219 |         32 |      220 |         224
      99 |    222.1250 |     222 |        224 |      223 |          32
     100 |    224.3750 |     224 |        160 |      225 |          96
     101 |    226.6250 |     226 |         96 |      227 |         160
     102 |    228.8750 |     228 |         32 |      229 |         224
     103 |    231.1250 |     231 |        224 |      232 |          32
     104 |    233.3750 |     233 |        160 |      234 |          96
     105 |    235.6250 |     235 |         96 |      236 |         160
     106 |    237.8750 |     237 |         32 |      238 |         224
     107 |    240.1250 |     240 |        224 |      241 |          32
     108 |    242.3750 |     242 |        160 |      243 |          96
     109 |    244.6250 |     244 |         96 |      245 |         160
     110 |    246.8750 |     246 |         32 |      247 |         224
     111 |    249.1250 |     249 |        224 |      250 |          32
     112 |    251.3750 |     251 |        160 |      252 |          96
     113 |    253.6250 |     253 |         96 |      254 |         160
     114 |    255.8750 |     255 |         32 |      256 |         224
     115 |    258.1250 |     258 |        224 |      259 |          32
     116 |    260.3750 |     260 |        160 |      261 |          96
     117 |    262.6250 |     262 |         96 |      263 |         160
     118 |    264.8750 |     264 |         32 |      265 |         224
     119 |    267.1250 |     267 |        224 |      268 |          32
     120 |    269.3750 |     269 |        160 |      270 |          96
     121 |    271.6250 |     271 |         96 |      272 |         160
     122 |    273.8750 |     273 |         32 |      274 |         224
     123 |    276.1250 |     276 |        224 |      277 |          32
     124 |    278.3750 |     278 |        160 |      279 |          96
     125 |    280.6250 |     280 |         96 |      281 |         160
     126 |    282.8750 |     282 |         32 |      283 |         224
     127 |    285.1250 |     285 |        224 |      286 |          32
     128 |    287.3750 |     287 |        160 |      288 |          96
     129 |    289.6250 |     289 |         96 |      290 |         160
     130 |    291.8750 |     291 |         32 |      292 |         224
     131 |    294.1250 |     294 |        224 |      295 |          32
     132 |    296.3750 |     296 |        160 |      297 |          96
     133 |    298.6250 |     298 |         96 |      299 |         160
     134 |    300.8750 |     300 |         32 |      301 |         224
     135 |    303.1250 |     303 |        224 |      304 |          32
     136 |    305.3750 |     305 |        160 |      306 |          96
     137 |    307.6250 |     307 |         96 |      308 |         160
     138 |    309.8750 |     309 |         32 |      310 |         224
     139 |    312.1250 |     312 |        224 |      313 |          32
     140 |    314.3750 |     314 |        160 |      315 |          96
     141 |    316.6250 |     316 |         96 |      317 |         160
     142 |    318.8750 |     318 |         32 |      319 |         224
     143 |    321.1250 |     321 |        224 |      322 |          32
     144 |    323.3750 |     323 |        160 |      324 |          96
     145 |    325.6250 |     325 |         96 |      326 |         160
     146 |    327.8750 |     327 |         32 |      328 |         224
     147 |    330.1250 |     330 |        224 |      331 |          32
     148 |    332.3750 |     332 |        160 |      333 |          96
     149 |    334.6250 |     334 |         96 |      335 |         160
     150 |    336.8750 |     336 |         32 |      337 |         224
     151 |    339.1250 |     339 |        224 |      340 |          32
     152 |    341.3750 |     341 |        160 |      342 |          96
     153 |    343.6250 |     343 |         96 |      344 |         160
     154 |    345.8750 |     345 |         32 |      346 |         224
     155 |    348.1250 |     348 |        224 |      349 |          32
     156 |    350.3750 |     350 |        160 |      351 |          96
     157 |    352.6250 |     352 |         96 |      353 |         160
     158 |    354.8750 |     354 |         32 |      355 |         224
     159 |    357.1250 |     357 |        224 |      358 |          32
     160 |    359.3750 |     359 |        160 |      360 |          96
     161 |    361.6250 |     361 |         96 |      362 |         160
     162 |    363.8750 |     363 |         32 |      364 |         224
     163 |    366.1250 |     366 |        224 |      367 |          32
     164 |    368.3750 |     368 |        160 |      369 |          96
     165 |    370.6250 |     370 |         96 |      371 |         160
     166 |    372.8750 |     372 |         32 |      373 |         224
     167 |    375.1250 |     375 |        224 |      376 |          32
     168 |    377.3750 |     377 |        160 |      378 |          96
     169 |    379.6250 |     379 |         96 |      380 |         160
     170 |    381.8750 |     381 |         32 |      382 |         224
     171 |    384.1250 |     384 |        224 |      385 |          32
     172 |    386.3750 |     386 |        160 |      387 |          96
     173 |    388.6250 |     388 |         96 |      389 |         160
     174 |    390.8750 |     390 |         32 |      391 |         224
     175 |    393.1250 |     393 |        224 |      394 |          32
     176 |    395.3750 |     395 |        160 |      396 |          96
     177 |    397.6250 |     397 |         96 |      398 |         160
     178 |    399.8750 |     399 |         32 |      400 |         224
     179 |    402.1250 |     402 |        224 |      403 |          32
     180 |    404.3750 |     404 |        160 |      405 |          96
     181 |    406.6250 |     406 |         96 |      407 |         160
     182 |    408.8750 |     408 |         32 |      409 |         224
     183 |    411.1250 |     411 |        224 |      412 |          32
     184 |    413.3750 |     413 |        160 |      414 |          96
     185 |    415.6250 |     415 |         96 |      416 |         160
     186 |    417.8750 |     417 |         32 |      418 |         224
     187 |    420.1250 |     420 |        224 |      421 |          32
     188 |    422.3750 |     422 |        160 |      423 |          96
     189 |    424.6250 |     424 |         96 |      425 |         160
     190 |    426.8750 |     426 |         32 |      427 |         224
     191 |    429.1250 |     429 |        224 |      430 |          32
     192 |    431.3750 |     431 |        160 |      432 |          96
     193 |    433.6250 |     433 |         96 |      434 |         160
     194 |    435.8750 |     435 |         32 |      436 |         224
     195 |    438.1250 |     438 |        224 |      439 |          32
     196 |    440.3750 |     440 |        160 |      441 |          96
     197 |    442.6250 |     442 |         96 |      443 |         160
     198 |    444.8750 |     444 |         32 |      445 |         224
     199 |    447.1250 |     447 |        224 |      448 |          32
     200 |    449.3750 |     449 |        160 |      450 |          96
     201 |    451.6250 |     451 |         96 |      452 |         160
     202 |    453.8750 |     453 |         32 |      454 |         224
     203 |    456.1250 |     456 |        224 |      457 |          32
     204 |    458.3750 |     458 |        160 |      459 |          96
     205 |    460.6250 |     460 |         96 |      461 |         160
     206 |    462.8750 |     462 |         32 |      463 |         224
     207 |    465.1250 |     465 |        224 |      466 |          32
     208 |    467.3750 |     467 |        160 |      468 |          96
     209 |    469.6250 |     469 |         96 |      470 |         160
     210 |    471.8750 |     471 |         32 |      472 |         224
     211 |    474.1250 |     474 |        224 |      475 |          32
     212 |    476.3750 |     476 |        160 |      477 |          96
     213 |    478.6250 |     478 |         96 |      479 |         160
     214 |    480.8750 |     480 |         32 |      481 |         224
     215 |    483.1250 |     483 |        224 |      484 |          32
     216 |    485.3750 |     485 |        160 |      486 |          96
     217 |    487.6250 |     487 |         96 |      488 |         160
     218 |    489.8750 |     489 |         32 |      490 |         224
     219 |    492.1250 |     492 |        224 |      493 |          32
     220 |    494.3750 |     494 |        160 |      495 |          96
     221 |    496.6250 |     496 |         96 |      497 |         160
     222 |    498.8750 |     498 |         32 |      499 |         224
     223 |    501.1250 |     501 |        224 |      502 |          32
     224 |    503.3750 |     503 |        160 |      504 |          96
     225 |    505.6250 |     505 |         96 |      506 |         160
     226 |    507.8750 |     507 |         32 |      508 |         224
     227 |    510.1250 |     510 |        224 |      511 |          32
     228 |    512.3750 |     512 |        160 |      513 |          96
     229 |    514.6250 |     514 |         96 |      515 |         160
     230 |    516.8750 |     516 |         32 |      517 |         224
     231 |    519.1250 |     519 |        224 |      520 |          32
     232 |    521.3750 |     521 |        160 |      522 |          96
     233 |    523.6250 |     523 |         96 |      524 |         160
     234 |    525.8750 |     525 |         32 |      526 |         224
     235 |    528.1250 |     528 |        224 |      529 |          32
     236 |    530.3750 |     530 |        160 |      531 |          96
     237 |    532.6250 |     532 |         96 |      533 |         160
     238 |    534.8750 |     534 |         32 |      535 |         224
     239 |    537.1250 |     537 |        224 |      538 |          32
     240 |    539.3750 |     539 |        160 |      540 |          96
     241 |    541.6250 |     541 |         96 |      542 |         160
     242 |    543.8750 |     543 |         32 |      544 |         224
     243 |    546.1250 |     546 |        224 |      547 |          32
     244 |    548.3750 |     548 |        160 |      549 |          96
     245 |    550.6250 |     550 |         96 |      551 |         160
     246 |    552.8750 |     552 |         32 |      553 |         224
     247 |    555.1250 |     555 |        224 |      556 |          32
     248 |    557.3750 |     557 |        160 |      558 |          96
     249 |    559.6250 |     559 |         96 |      560 |         160
     250 |    561.8750 |     561 |         32 |      562 |         224
     251 |    564.1250 |     564 |        224 |      565 |          32
     252 |    566.3750 |     566 |        160 |      567 |          96
     253 |    568.6250 |     568 |         96 |      569 |         160
     254 |    570.8750 |     570 |         32 |      571 |         224
     255 |    573.1250 |     573 |        224 |      574 |          32
     256 |    575.3750 |     575 |        160 |      576 |          96
     257 |    577.6250 |     577 |         96 |      578 |         160
     258 |    579.8750 |     579 |         32 |      580 |         224
     259 |    582.1250 |     582 |        224 |      583 |          32
     260 |    584.3750 |     584 |        160 |      585 |          96
     261 |    586.6250 |     586 |         96 |      587 |         160
     262 |    588.8750 |     588 |         32 |      589 |         224
     263 |    591.1250 |     591 |        224 |      592 |          32
     264 |    593.3750 |     593 |        160 |      594 |          96
     265 |    595.6250 |     595 |         96 |      596 |         160
     266 |    597.8750 |     597 |         32 |      598 |         224
     267 |    600.1250 |     600 |        224 |      601 |          32
     268 |    602.3750 |     602 |        160 |      603 |          96
     269 |    604.6250 |     604 |         96 |      605 |         160
     270 |    606.8750 |     606 |         32 |      607 |         224
     271 |    609.1250 |     609 |        224 |      610 |          32
     272 |    611.3750 |     611 |        160 |      612 |          96
     273 |    613.6250 |     613 |         96 |      614 |         160
     274 |    615.8750 |     615 |         32 |      616 |         224
     275 |    618.1250 |     618 |        224 |      619 |          32
     276 |    620.3750 |     620 |        160 |      621 |          96
     277 |    622.6250 |     622 |         96 |      623 |         160
     278 |    624.8750 |     624 |         32 |      625 |         224
     279 |    627.1250 |     627 |        224 |      628 |          32
     280 |    629.3750 |     629 |        160 |      630 |          96
     281 |    631.6250 |     631 |         96 |      632 |         160
     282 |    633.8750 |     633 |         32 |      634 |         224
     283 |    636.1250 |     636 |        224 |      637 |          32
     284 |    638.3750 |     638 |        160 |      639 |          96
     285 |    640.6250 |     640 |         96 |      641 |         160
     286 |    642.8750 |     642 |         32 |      643 |         224
     287 |    645.1250 |     645 |        224 |      646 |          32
     288 |    647.3750 |     647 |        160 |      648 |          96
     289 |    649.6250 |     649 |         96 |      650 |         160
     290 |    651.8750 |     651 |         32 |      652 |         224
     291 |    654.1250 |     654 |        224 |      655 |          32
     292 |    656.3750 |     656 |        160 |      657 |          96
     293 |    658.6250 |     658 |         96 |      659 |         160
     294 |    660.8750 |     660 |         32 |      661 |         224
     295 |    663.1250 |     663 |        224 |      664 |          32
     296 |    665.3750 |     665 |        160 |      666 |          96
     297 |    667.6250 |     667 |         96 |      668 |         160
     298 |    669.8750 |     669 |         32 |      670 |         224
     299 |    672.1250 |     672 |        224 |      673 |          32
     300 |    674.3750 |     674 |        160 |      675 |          96
     301 |    676.6250 |     676 |         96 |      677 |         160
     302 |    678.8750 |     678 |         32 |      679 |         224
     303 |    681.1250 |     681 |        224 |      682 |          32
     304 |    683.3750 |     683 |        160 |      684 |          96
     305 |    685.6250 |     685 |         96 |      686 |         160
     306 |    687.8750 |     687 |         32 |      688 |         224
     307 |    690.1250 |     690 |        224 |      691 |          32
     308 |    692.3750 |     692 |        160 |      693 |          96
     309 |    694.6250 |     694 |         96 |      695 |         160
     310 |    696.8750 |     696 |         32 |      697 |         224
     311 |    699.1250 |     699 |        224 |      700 |          32
     312 |    701.3750 |     701 |        160 |      702 |          96
     313 |    703.6250 |     703 |         96 |      704 |         160
     314 |    705.8750 |     705 |         32 |      706 |         224
     315 |    708.1250 |     708 |        224 |      709 |          32
     316 |    710.3750 |     710 |        160 |      711 |          96
     317 |    712.6250 |     712 |         96 |      713 |         160
     318 |    714.8750 |     714 |         32 |      715 |         224
     319 |    717.1250 |     717 |        224 |      718 |          32
     320 |    719.3750 |     719 |        160 |      720 |          96
     321 |    721.6250 |     721 |         96 |      722 |         160
     322 |    723.8750 |     723 |         32 |      724 |         224
     323 |    726.1250 |     726 |        224 |      727 |          32
     324 |    728.3750 |     728 |        160 |      729 |          96
     325 |    730.6250 |     730 |         96 |      731 |         160
     326 |    732.8750 |     732 |         32 |      733 |         224
     327 |    735.1250 |     735 |        224 |      736 |          32
     328 |    737.3750 |     737 |        160 |      738 |          96
     329 |    739.6250 |     739 |         96 |      740 |         160
     330 |    741.8750 |     741 |         32 |      742 |         224
     331 |    744.1250 |     744 |        224 |      745 |          32
     332 |    746.3750 |     746 |        160 |      747 |          96
     333 |    748.6250 |     748 |         96 |      749 |         160
     334 |    750.8750 |     750 |         32 |      751 |         224
     335 |    753.1250 |     753 |        224 |      754 |          32
     336 |    755.3750 |     755 |        160 |      756 |          96
     337 |    757.6250 |     757 |         96 |      758 |         160
     338 |    759.8750 |     759 |         32 |      760 |         224
     339 |    762.1250 |     762 |        224 |      763 |          32
     340 |    764.3750 |     764 |        160 |      765 |          96
     341 |    766.6250 |     766 |         96 |      767 |         160
     342 |    768.8750 |     768 |         32 |      769 |         224
     343 |    771.1250 |     771 |        224 |      772 |          32
     344 |    773.3750 |     773 |        160 |      774 |          96
     345 |    775.6250 |     775 |         96 |      776 |         160
     346 |    777.8750 |     777 |         32 |      778 |         224
     347 |    780.1250 |     780 |        224 |      781 |          32
     348 |    782.3750 |     782 |        160 |      783 |          96
     349 |    784.6250 |     784 |         96 |      785 |         160
     350 |    786.8750 |     786 |         32 |      787 |         224
     351 |    789.1250 |     789 |        224 |      790 |          32
     352 |    791.3750 |     791 |        160 |      792 |          96
     353 |    793.6250 |     793 |         96 |      794 |         160
     354 |    795.8750 |     795 |         32 |      796 |         224
     355 |    798.1250 |     798 |        224 |      799 |          32
     356 |    800.3750 |     800 |        160 |      801 |          96
     357 |    802.6250 |     802 |         96 |      803 |         160
     358 |    804.8750 |     804 |         32 |      805 |         224
     359 |    807.1250 |     807 |        224 |      808 |          32
     360 |    809.3750 |     809 |        160 |      810 |          96
     361 |    811.6250 |     811 |         96 |      812 |         160
     362 |    813.8750 |     813 |         32 |      814 |         224
     363 |    816.1250 |     816 |        224 |      817 |          32
     364 |    818.3750 |     818 |        160 |      819 |          96
     365 |    820.6250 |     820 |         96 |      821 |         160
     366 |    822.8750 |     822 |         32 |      823 |         224
     367 |    825.1250 |     825 |        224 |      826 |          32
     368 |    827.3750 |     827 |        160 |      828 |          96
     369 |    829.6250 |     829 |         96 |      830 |         160
     370 |    831.8750 |     831 |         32 |      832 |         224
     371 |    834.1250 |     834 |        224 |      835 |          32
     372 |    836.3750 |     836 |        160 |      837 |          96
     373 |    838.6250 |     838 |         96 |      839 |         160
     374 |    840.8750 |     840 |         32 |      841 |         224
     375 |    843.1250 |     843 |        224 |      844 |          32
     376 |    845.3750 |     845 |        160 |      846 |          96
     377 |    847.6250 |     847 |         96 |      848 |         160
     378 |    849.8750 |     849 |         32 |      850 |         224
     379 |    852.1250 |     852 |        224 |      853 |          32
     380 |    854.3750 |     854 |        160 |      855 |          96
     381 |    856.6250 |     856 |         96 |      857 |         160
     382 |    858.8750 |     858 |         32 |      859 |         224
     383 |    861.1250 |     861 |        224 |      862 |          32
     384 |    863.3750 |     863 |        160 |      864 |          96
     385 |    865.6250 |     865 |         96 |      866 |         160
     386 |    867.8750 |     867 |         32 |      868 |         224
     387 |    870.1250 |     870 |        224 |      871 |          32
     388 |    872.3750 |     872 |        160 |      873 |          96
     389 |    874.6250 |     874 |         96 |      875 |         160
     390 |    876.8750 |     876 |         32 |      877 |         224
     391 |    879.1250 |     879 |        224 |      880 |          32
     392 |    881.3750 |     881 |        160 |      882 |          96
     393 |    883.6250 |     883 |         96 |      884 |         160
     394 |    885.8750 |     885 |         32 |      886 |         224
     395 |    888.1250 |     888 |        224 |      889 |          32
     396 |    890.3750 |     890 |        160 |      891 |          96
     397 |    892.6250 |     892 |         96 |      893 |         160
     398 |    894.8750 |     894 |         32 |      895 |         224
     399 |    897.1250 |     897 |        224 |      898 |          32
     400 |    899.3750 |     899 |        160 |      900 |          96
     401 |    901.6250 |     901 |         96 |      902 |         160
     402 |    903.8750 |     903 |         32 |      904 |         224
     403 |    906.1250 |     906 |        224 |      907 |          32
     404 |    908.3750 |     908 |        160 |      909 |          96
     405 |    910.6250 |     910 |         96 |      911 |         160
     406 |    912.8750 |     912 |         32 |      913 |         224
     407 |    915.1250 |     915 |        224 |      916 |          32
     408 |    917.3750 |     917 |        160 |      918 |          96
     409 |    919.6250 |     919 |         96 |      920 |         160
     410 |    921.8750 |     921 |         32 |      922 |         224
     411 |    924.1250 |     924 |        224 |      925 |          32
     412 |    926.3750 |     926 |        160 |      927 |          96
     413 |    928.6250 |     928 |         96 |      929 |         160
     414 |    930.8750 |     930 |         32 |      931 |         224
     415 |    933.1250 |     933 |        224 |      934 |          32
     416 |    935.3750 |     935 |        160 |      936 |          96
     417 |    937.6250 |     937 |         96 |      938 |         160
     418 |    939.8750 |     939 |         32 |      940 |         224
     419 |    942.1250 |     942 |        224 |      943 |          32
     420 |    944.3750 |     944 |        160 |      945 |          96
     421 |    946.6250 |     946 |         96 |      947 |         160
     422 |    948.8750 |     948 |         32 |      949 |         224
     423 |    951.1250 |     951 |        224 |      952 |          32
     424 |    953.3750 |     953 |        160 |      954 |          96
     425 |    955.6250 |     955 |         96 |      956 |         160
     426 |    957.8750 |     957 |         32 |      958 |         224
     427 |    960.1250 |     960 |        224 |      961 |          32
     428 |    962.3750 |     962 |        160 |      963 |          96
     429 |    964.6250 |     964 |         96 |      965 |         160
     430 |    966.8750 |     966 |         32 |      967 |         224
     431 |    969.1250 |     969 |        224 |      970 |          32
     432 |    971.3750 |     971 |        160 |      972 |          96
     433 |    973.6250 |     973 |         96 |      974 |         160
     434 |    975.8750 |     975 |         32 |      976 |         224
     435 |    978.1250 |     978 |        224 |      979 |          32
     436 |    980.3750 |     980 |        160 |      981 |          96
     437 |    982.6250 |     982 |         96 |      983 |         160
     438 |    984.8750 |     984 |         32 |      985 |         224
     439 |    987.1250 |     987 |        224 |      988 |          32
     440 |    989.3750 |     989 |        160 |      990 |          96
     441 |    991.6250 |     991 |         96 |      992 |         160
     442 |    993.8750 |     993 |         32 |      994 |         224
     443 |    996.1250 |     996 |        224 |      997 |          32
     444 |    998.3750 |     998 |        160 |      999 |          96
     445 |   1000.6250 |    1000 |         96 |     1001 |         160
     446 |   1002.8750 |    1002 |         32 |     1003 |         224
     447 |   1005.1250 |    1005 |        224 |     1006 |          32
     448 |   1007.3750 |    1007 |        160 |     1008 |          96
     449 |   1009.6250 |    1009 |         96 |     1010 |         160
     450 |   1011.8750 |    1011 |         32 |     1012 |         224
     451 |   1014.1250 |    1014 |        224 |     1015 |          32
     452 |   1016.3750 |    1016 |        160 |     1017 |          96
     453 |   1018.6250 |    1018 |         96 |     1019 |         160
     454 |   1020.8750 |    1020 |         32 |     1021 |         224
     455 |   1023.1250 |    1023 |        224 |     1024 |          32
     456 |   1025.3750 |    1025 |        160 |     1026 |          96
     457 |   1027.6250 |    1027 |         96 |     1028 |         160
     458 |   1029.8750 |    1029 |         32 |     1030 |         224
     459 |   1032.1250 |    1032 |        224 |     1033 |          32
     460 |   1034.3750 |    1034 |        160 |     1035 |          96
     461 |   1036.6250 |    1036 |         96 |     1037 |         160
     462 |   1038.8750 |    1038 |         32 |     1039 |         224
     463 |   1041.1250 |    1041 |        224 |     1042 |          32
     464 |   1043.3750 |    1043 |        160 |     1044 |          96
     465 |   1045.6250 |    1045 |         96 |     1046 |         160
     466 |   1047.8750 |    1047 |         32 |     1048 |         224
     467 |   1050.1250 |    1050 |        224 |     1051 |          32
     468 |   1052.3750 |    1052 |        160 |     1053 |          96
     469 |   1054.6250 |    1054 |         96 |     1055 |         160
     470 |   1056.8750 |    1056 |         32 |     1057 |         224
     471 |   1059.1250 |    1059 |        224 |     1060 |          32
     472 |   1061.3750 |    1061 |        160 |     1062 |          96
     473 |   1063.6250 |    1063 |         96 |     1064 |         160
     474 |   1065.8750 |    1065 |         32 |     1066 |         224
     475 |   1068.1250 |    1068 |        224 |     1069 |          32
     476 |   1070.3750 |    1070 |        160 |     1071 |          96
     477 |   1072.6250 |    1072 |         96 |     1073 |         160
     478 |   1074.8750 |    1074 |         32 |     1075 |         224
     479 |   1077.1250 |    1077 |        224 |     1078 |          32
     480 |   1079.3750 |    1079 |        160 |     1080 |          96
